0 99.5000 99.9800
1 99.4800 99.9600
2 99.3700 99.9900
3 99.2800 99.9900
4 99.3300 99.9800
5 99.3500 99.9800
6 99.3900 99.9800
7 99.3200 99.9900
8 99.1700 99.9900
9 99.0000 100.0000
10 98.9600 99.9900
11 99.0700 99.9900
12 99.1900 99.9900
13 99.0400 99.9900
14 98.7700 99.9900
15 98.9900 99.9800
16 99.0300 99.9800
17 99.0100 99.9800
18 98.9900 99.9900
19 98.7600 99.9900
20 98.4400 99.9700
21 97.2600 99.9700
22 97.2200 99.9900
23 97.9300 99.9600
24 97.7900 99.9700
25 97.4500 99.9600
26 96.5800 99.9900
27 96.3100 99.9700
28 97.3200 99.9600
29 97.3800 99.9800
30 97.0000 99.9700
31 95.7900 99.9700
32 96.5200 99.9800
33 94.8300 99.9600
34 94.3600 99.9300
35 90.9300 99.9000
36 91.4600 99.9200
37 90.6900 99.9100
38 87.0800 99.9500
39 83.2200 99.9500
40 82.1700 99.9700
41 81.5500 99.9500
42 80.4200 99.9700
43 79.6600 99.9700
44 77.3900 99.9800
45 72.1400 99.9800
46 70.7100 100.0000
47 70.9400 100.0000
48 56.2500 100.0000
49 53.8800 100.0000
50 55.9900 100.0000
51 56.1500 100.0000
52 28.0300 100.0000
53 36.0500 100.0000
54 42.4100 99.9900
55 45.3200 99.9900
56 36.4700 100.0000
57 40.5400 99.9700
58 16.4000 100.0000
59 23.6500 99.9200
60 35.4200 92.0600
61 33.6900 79.8400
62 19.7100 91.4900
63 14.3800 90.3500
