0 99.3428 99.7466
1 99.3508 99.7466
2 99.3508 99.7387
3 99.3508 99.7387
4 99.3349 99.7387
5 99.3349 99.7387
6 99.3349 99.7387
7 99.3508 99.7387
8 99.3428 99.7387
9 99.3428 99.7387
10 99.3428 99.7308
11 99.3508 99.7387
12 99.3508 99.7308
13 99.3587 99.7308
14 99.3587 99.7308
15 99.3508 99.7308
16 99.3508 99.7308
17 99.3508 99.7308
18 99.3428 99.7308
19 99.3428 99.7308
20 99.3428 99.7308
21 99.3428 99.7308
22 99.3428 99.7308
23 99.3587 99.7308
24 99.3508 99.7308
25 99.3428 99.7308
26 99.3508 99.7308
27 99.3508 99.7308
28 99.3587 99.7308
29 99.3587 99.7308
30 99.3666 99.7229
31 99.3666 99.7229
32 99.3666 99.7229
33 99.3587 99.7229
34 99.3587 99.7229
35 99.3587 99.7150
36 99.3666 99.7229
37 99.3666 99.7070
38 99.3666 99.7070
39 99.3508 99.7070
40 99.3587 99.6991
41 99.3666 99.6991
42 99.3587 99.6991
43 99.3587 99.6991
44 99.3587 99.6991
45 99.3587 99.6991
46 99.3508 99.6991
47 99.3508 99.6991
48 99.3428 99.6991
49 99.3666 99.6991
50 99.3587 99.6991
51 99.3587 99.6991
52 99.3508 99.6991
53 99.3587 99.6991
54 99.3587 99.6991
55 99.3587 99.6991
56 99.3587 99.6991
57 99.3508 99.6991
58 99.3508 99.6991
59 99.3508 99.6991
60 99.3191 99.6991
61 99.3270 99.6991
62 99.3032 99.6991
63 99.2953 99.6991
64 99.2953 99.6991
65 99.2874 99.6991
66 99.2953 99.6991
67 99.2953 99.6991
68 99.2953 99.6991
69 99.2953 99.6991
70 99.2874 99.6991
71 99.2953 99.6991
72 99.3032 99.6991
73 99.3112 99.6991
74 99.3112 99.6991
75 99.3112 99.6991
76 99.3112 99.6991
77 99.3270 99.6912
78 99.3270 99.6991
79 99.3270 99.6912
80 99.2953 99.6912
81 99.2953 99.6912
82 99.3032 99.6991
83 99.3032 99.6991
84 99.3032 99.6912
85 99.3032 99.6912
86 99.3032 99.6912
87 99.2874 99.6912
88 99.2953 99.6991
89 99.2953 99.6991
90 99.2953 99.6991
91 99.2874 99.6991
92 99.2953 99.6991
93 99.2953 99.6991
94 99.3032 99.6991
95 99.3032 99.6991
96 99.2953 99.6991
97 99.2953 99.6991
98 99.3112 99.6991
99 99.3112 99.6991
100 99.3112 99.6991
101 99.3112 99.6991
102 99.3191 99.6991
103 99.3191 99.6991
104 99.3191 99.6991
105 99.3112 99.6991
106 99.3032 99.6991
107 99.3032 99.6991
108 99.3112 99.6991
109 99.3112 99.6991
110 99.3191 99.6991
111 99.3032 99.6991
112 99.3032 99.6991
113 99.3112 99.6991
114 99.3032 99.6991
115 99.3191 99.6991
116 99.3191 99.6991
117 99.3191 99.6991
118 99.3191 99.6991
119 99.3112 99.6991
120 99.3112 99.6991
121 99.3032 99.6991
122 99.2795 99.6991
123 99.2795 99.6991
124 99.2874 99.6991
125 99.3032 99.6991
126 99.3112 99.6991
127 99.3032 99.6991
128 99.3032 99.6991
129 99.3191 99.6991
130 99.3112 99.6991
131 99.3112 99.6991
132 99.3112 99.6991
133 99.3191 99.6991
134 99.3270 99.7070
135 99.3270 99.7070
136 99.3270 99.7070
137 99.3270 99.7070
138 99.3191 99.7070
139 99.3191 99.7070
140 99.3112 99.7070
141 99.3191 99.7070
142 99.3112 99.7070
143 99.3112 99.7070
144 99.3112 99.7070
145 99.3112 99.7070
146 99.3191 99.7070
147 99.3032 99.7070
148 99.3032 99.7070
149 99.3191 99.7070
150 99.3112 99.7070
151 99.3032 99.7150
152 99.3112 99.7150
153 99.3032 99.7070
154 99.3191 99.7070
155 99.3191 99.7070
156 99.3112 99.7070
157 99.3112 99.7070
158 99.3112 99.7070
159 99.3112 99.7070
160 99.3191 99.7070
161 99.3270 99.7070
162 99.3191 99.7070
163 99.3191 99.7070
164 99.3112 99.7070
165 99.3191 99.7070
166 99.3191 99.7070
167 99.2953 99.7070
168 99.3270 99.7070
169 99.3428 99.7070
170 99.3428 99.7070
171 99.3508 99.7070
172 99.3428 99.7070
173 99.3508 99.7070
174 99.3587 99.7070
175 99.3587 99.7070
176 99.3428 99.7070
177 99.3587 99.7150
178 99.3508 99.7150
179 99.3508 99.7150
180 99.3587 99.7150
181 99.3587 99.7229
182 99.3587 99.7229
183 99.3745 99.7150
184 99.3745 99.7150
185 99.3587 99.7150
186 99.3508 99.7070
187 99.3270 99.7150
188 99.3270 99.7150
189 99.3349 99.7070
190 99.3270 99.7150
191 99.3270 99.7229
192 99.3191 99.7229
193 99.3112 99.7229
194 99.3191 99.7229
195 99.3270 99.7150
196 99.3270 99.7229
197 99.3270 99.7229
198 99.3270 99.7229
199 99.3270 99.7150
200 99.3191 99.7150
201 99.3112 99.7150
202 99.3191 99.7229
203 99.3191 99.7150
204 99.3191 99.7150
205 99.3270 99.7229
206 99.3349 99.7229
207 99.3270 99.7229
208 99.3270 99.7229
209 99.3349 99.7229
210 99.3191 99.7229
211 99.3270 99.7229
212 99.3270 99.7229
213 99.3349 99.7229
214 99.3349 99.7229
215 99.3349 99.7229
216 99.3191 99.7229
217 99.3032 99.7150
218 99.3032 99.7150
219 99.3032 99.7150
220 99.3032 99.7229
221 99.3112 99.7229
222 99.3270 99.7229
223 99.2953 99.7229
224 99.3112 99.7229
225 99.3032 99.7229
226 99.3112 99.7229
227 99.3112 99.7308
228 99.3270 99.7387
229 99.3191 99.7387
230 99.3191 99.7387
231 99.3270 99.7387
232 99.3428 99.7466
233 99.3349 99.7466
234 99.3428 99.7387
235 99.3508 99.7387
236 99.3428 99.7387
237 99.3349 99.7387
238 99.3349 99.7387
239 99.3191 99.7387
240 99.3270 99.7387
241 99.3191 99.7387
242 99.3270 99.7387
243 99.3191 99.7308
244 99.3270 99.7308
245 99.3270 99.7308
246 99.3428 99.7387
247 99.3587 99.7308
248 99.3587 99.7150
249 99.3508 99.7308
250 99.3508 99.7308
251 99.3508 99.7387
252 99.3587 99.7308
253 99.3508 99.7229
254 99.3428 99.7308
255 99.3508 99.7308
256 99.3032 99.7387
257 99.3032 99.7466
258 99.3191 99.7466
259 99.3191 99.7466
260 99.3191 99.7387
261 99.3112 99.7466
262 99.3191 99.7466
263 99.3191 99.7466
264 99.2953 99.7466
265 99.3032 99.7546
266 99.3112 99.7466
267 99.3112 99.7466
268 99.3270 99.7546
269 99.3270 99.7546
270 99.3270 99.7546
271 99.3428 99.7546
272 99.3349 99.7546
273 99.3508 99.7546
274 99.3508 99.7546
275 99.3587 99.7546
276 99.3666 99.7546
277 99.3587 99.7546
278 99.3270 99.7546
279 99.3032 99.7546
280 99.3112 99.7625
281 99.3112 99.7625
282 99.2953 99.7625
283 99.2953 99.7546
284 99.3032 99.7546
285 99.3112 99.7546
286 99.3191 99.7625
287 99.2874 99.7625
288 99.3191 99.7625
289 99.3270 99.7625
290 99.3112 99.7625
291 99.3112 99.7625
292 99.3112 99.7625
293 99.3666 99.7625
294 99.3587 99.7625
295 99.3508 99.7625
296 99.3587 99.7625
297 99.3587 99.7625
298 99.3428 99.7625
299 99.3349 99.7625
300 99.3191 99.7625
301 99.3032 99.7625
302 99.3032 99.7625
303 99.3112 99.7625
304 99.2716 99.7625
305 99.2953 99.7625
306 99.2795 99.7625
307 99.2795 99.7625
308 99.2874 99.7625
309 99.2716 99.7625
310 99.3032 99.7625
311 99.2795 99.7625
312 99.2716 99.7625
313 99.2557 99.7625
314 99.2320 99.7625
315 99.2082 99.7625
316 99.2161 99.7625
317 99.2161 99.7625
318 99.2161 99.7625
319 99.2241 99.7625
320 99.2241 99.7625
321 99.2241 99.7625
322 99.2003 99.7704
323 99.2161 99.7862
324 99.2241 99.7862
325 99.2082 99.7862
326 99.2161 99.7862
327 99.2003 99.7862
328 99.1924 99.7862
329 99.2082 99.7941
330 99.2241 99.7783
331 99.2161 99.7783
332 99.2320 99.7783
333 99.2399 99.7783
334 99.2082 99.7783
335 99.2161 99.7783
336 99.2161 99.7783
337 99.2082 99.7783
338 99.2241 99.7783
339 99.2082 99.7783
340 99.2003 99.7783
341 99.1924 99.7783
342 99.2082 99.7783
343 99.2161 99.7783
344 99.2082 99.7862
345 99.2003 99.7862
346 99.2003 99.7783
347 99.2003 99.7783
348 99.2082 99.7862
349 99.1924 99.7862
350 99.2082 99.7862
351 99.2082 99.7862
352 99.2003 99.7862
353 99.2003 99.7862
354 99.2003 99.7941
355 99.2003 99.7783
356 99.1766 99.7862
357 99.1766 99.7862
358 99.1528 99.7941
359 99.1766 99.7941
360 99.1845 99.7941
361 99.1766 99.8100
362 99.1686 99.8179
363 99.1686 99.8179
364 99.1766 99.8179
365 99.1686 99.8258
366 99.1766 99.8179
367 99.1766 99.8258
368 99.1686 99.8258
369 99.1766 99.8258
370 99.1528 99.8258
371 99.1607 99.8258
372 99.1449 99.8337
373 99.1132 99.8337
374 99.1528 99.8337
375 99.1370 99.8337
376 99.1370 99.8337
377 99.1370 99.8337
378 99.1370 99.8337
379 99.1449 99.8258
380 99.1449 99.8258
381 99.1291 99.8337
382 99.1291 99.8337
383 99.1370 99.8337
384 99.1449 99.8337
385 99.1291 99.8337
386 99.1211 99.8337
387 99.0974 99.8179
388 99.0816 99.8179
389 99.0895 99.8179
390 99.0895 99.8179
391 99.1053 99.8179
392 99.1053 99.8100
393 99.0895 99.8100
394 99.0895 99.8179
395 99.0736 99.8258
396 99.1607 99.8021
397 99.1211 99.8179
398 99.1449 99.8179
399 99.1211 99.8179
400 99.0974 99.8258
401 99.0895 99.8258
402 99.0499 99.8258
403 99.0420 99.8258
404 99.0340 99.8258
405 99.0420 99.8258
406 99.0499 99.8258
407 99.0578 99.8258
408 99.0420 99.8258
409 99.0420 99.8179
410 99.0261 99.8100
411 99.0182 99.8179
412 99.0657 99.8179
413 99.0657 99.8179
414 99.0657 99.8179
415 99.0340 99.8179
416 99.0420 99.8258
417 98.9786 99.8179
418 98.9628 99.8179
419 98.9707 99.8179
420 98.9628 99.8179
421 98.9311 99.8179
422 98.9549 99.8258
423 98.9470 99.8337
424 98.9074 99.8258
425 98.8599 99.8337
426 98.8361 99.8337
427 98.8915 99.8179
428 98.8994 99.8179
429 98.8915 99.8100
430 98.9074 99.8179
431 98.8361 99.8258
432 98.7886 99.8258
433 98.7886 99.8337
434 98.7807 99.8179
435 98.5590 99.8179
436 98.5273 99.8100
437 98.5590 99.8179
438 98.4877 99.8179
439 98.6065 99.7783
440 98.5986 99.7546
441 98.5748 99.7546
442 98.6857 99.7229
443 98.6777 99.7308
444 98.7173 99.7229
445 98.6777 99.7229
446 98.6461 99.7229
447 98.6223 99.7387
448 98.6302 99.7466
449 98.6144 99.7783
450 98.4719 99.7941
451 98.4798 99.7941
452 98.4561 99.7941
453 98.4877 99.7941
454 98.1789 99.7625
455 98.1789 99.7546
456 98.4006 99.7466
457 98.3610 99.7466
458 98.2819 99.7546
459 98.4956 99.7150
460 98.3056 99.7150
461 97.9414 99.7150
462 98.0918 99.6912
463 98.2106 99.6912
464 98.0998 99.6912
465 98.3056 99.6595
466 98.2344 99.6754
467 98.2502 99.6833
468 98.3452 99.6754
469 98.3294 99.6754
470 98.4244 99.6991
471 98.4719 99.6754
472 98.3769 99.6991
473 98.2264 99.7308
474 98.2106 99.7070
475 98.0523 99.7229
476 98.1394 99.7308
477 98.0681 99.7387
478 98.0523 99.7150
479 97.9968 99.7308
480 97.7910 99.7387
481 97.7118 99.7466
482 97.1180 99.7308
483 96.9359 99.7466
484 95.1386 99.7308
485 93.1196 99.7229
486 94.1805 99.7070
487 91.5281 99.6991
488 92.8345 99.7625
489 90.2692 99.7625
490 85.6136 99.7546
491 88.4798 99.7783
492 85.2969 99.7862
493 85.5582 99.7229
494 82.1219 99.7704
495 77.6960 99.7387
496 74.1647 99.8179
497 74.6002 99.8258
498 73.2304 99.8100
499 70.5701 99.8179
500 70.5067 99.8100
501 57.1734 99.8179
502 51.9794 99.5962
503 50.9026 99.5724
504 51.7815 99.6912
505 45.6453 99.6833
506 35.9857 99.4854
507 34.0301 99.4933
508 27.1338 99.6279
509 16.5321 99.7150
510 7.7831 99.6991
511 7.2605 99.9842
