34.553154, 2.3343608, 4.6049786
36.12766, 67.08496, 23.803473, 30.359032, 35.80238, 33.541023, 34.553154, 40.131275, 35.251293, 32.420727
32.773003, 4.295261, 2.094456
39.487488, 65.8497, 23.776768, 29.30012, 35.670116, 32.773003, 34.959045, 42.49473, 32.713795, 31.708115
33.938705, 3.3866606, 3.1891177
38.95383, 66.366936, 23.138247, 28.978657, 35.57647, 33.670563, 34.429375, 42.82486, 33.938705, 31.654434
34.474773, 4.270226, 2.0872848
37.841938, 65.58193, 25.561596, 29.882717, 35.970757, 31.594545, 34.474773, 41.95409, 34.924946, 31.667444
33.832157, 3.1614857, 2.9958444
39.14805, 69.64841, 24.360838, 31.33832, 35.75944, 32.87918, 34.05008, 42.170647, 33.832157, 31.699764
33.379196, 3.1039674, 3.2191522
39.588, 67.502716, 23.387053, 30.564892, 35.472794, 31.951586, 33.98781, 40.793297, 33.379196, 31.705849
34.333412, 3.1642964, 3.2304192
39.46388, 68.30318, 24.111408, 30.75564, 35.440678, 33.991707, 35.16794, 40.258858, 34.333412, 32.199123
33.992214, 3.4686394, 2.9542453
36.872173, 72.76343, 23.745003, 30.558146, 36.10801, 32.83867, 33.992214, 40.778675, 35.211708, 31.652649
34.30166, 4.8116884, 2.115634
38.556946, 65.896614, 24.121887, 30.580877, 35.80166, 31.05622, 34.30166, 41.641495, 34.600018, 32.28357
32.88228, 3.6548438, 2.3733764
38.16626, 66.46265, 24.207958, 30.41712, 35.452393, 31.521759, 34.388206, 40.76574, 32.88228, 31.962334
