37.984127, 2.8332136, 2.2895014
31.49748, 36.07315, 49.731354, 37.843693, 40.300545, 37.32362, 37.984127, 48.93929, 45.872658, 38.49623
39.809982, 3.461123, 1.5633001
44.742737, 39.809982, 58.9477, 42.060555, 37.475487, 34.399208, 39.094307, 51.913048, 47.490112, 39.045082
40.78424, 3.7721283, 4.4321423
24.065632, 38.414055, 60.50157, 36.755974, 42.814102, 40.78424, 38.239975, 55.124958, 44.606506, 41.272854
40.29276, 5.5416236, 2.096368
28.675476, 34.39858, 60.028446, 40.855156, 36.905365, 36.554985, 40.63185, 51.89579, 45.609283, 40.29276
38.468277, 2.2235153, 2.2384837
49.064835, 33.490974, 51.377586, 39.86091, 37.41469, 36.968536, 38.468277, 53.289627, 43.6874, 38.092323
38.835014, 2.8227732, 4.369361
26.501299, 32.735085, 59.611847, 38.835014, 37.19555, 39.273003, 36.93108, 55.463387, 44.602978, 40.544003
38.6582, 7.238155, 1.1904981
30.04119, 32.821228, 54.798416, 40.671875, 38.12772, 33.77613, 38.6582, 50.93956, 45.842484, 39.20143
37.27381, 4.4332194, 1.6667982
29.88453, 34.469894, 57.732647, 36.497322, 37.27381, 40.263977, 34.112007, 51.99245, 46.48501, 39.0316
39.736347, 3.4524302, 2.6571789
30.562622, 34.055603, 58.99507, 40.93976, 37.407715, 41.74185, 39.736347, 52.303123, 44.989426, 37.566925
39.131172, 4.8716526, 1.0729609
42.399853, 34.973152, 58.93653, 39.13636, 37.68061, 35.845287, 33.90408, 49.675232, 45.819866, 39.131172
