0 94.3600 93.5200
1 94.3900 93.5200
2 94.3600 93.5200
3 94.3600 93.5300
4 94.3500 93.5400
5 94.3400 93.5300
6 94.3500 93.5100
7 94.3400 93.5200
8 94.3600 93.5200
9 94.3500 93.5200
10 94.3600 93.5200
11 94.3500 93.5100
12 94.3600 93.5200
13 94.3700 93.5300
14 94.3400 93.5300
15 94.3300 93.5300
16 94.3500 93.5400
17 94.3300 93.5400
18 94.3300 93.5400
19 94.3400 93.5300
20 94.3000 93.5200
21 94.2900 93.4600
22 94.2700 93.4800
23 94.2600 93.4400
24 94.2700 93.4400
25 94.2800 93.4300
26 94.2600 93.4200
27 94.2700 93.4300
28 94.2500 93.4200
29 94.2500 93.4200
30 94.2700 93.4300
31 94.2500 93.4200
32 94.2400 93.4200
33 94.2500 93.4100
34 94.2800 93.4100
35 94.2800 93.4200
36 94.3100 93.4300
37 94.3000 93.4300
38 94.3000 93.4200
39 94.2700 93.4200
40 94.2700 93.4300
41 94.2800 93.4300
42 94.3100 93.4100
43 94.2500 93.4000
44 94.2800 93.4100
45 94.2500 93.4300
46 94.3000 93.4100
47 94.3100 93.4300
48 94.3200 93.4300
49 94.3200 93.4300
50 94.3100 93.4500
51 94.2900 93.4500
52 94.2900 93.4500
53 94.2700 93.4600
54 94.2900 93.4700
55 94.2800 93.4600
56 94.2700 93.4300
57 94.2700 93.4300
58 94.2700 93.4400
59 94.2600 93.4300
60 94.2500 93.4300
61 94.2500 93.4400
62 94.2500 93.4300
63 94.2300 93.4400
64 94.2400 93.4300
65 94.2000 93.4000
66 94.2300 93.3900
67 94.2400 93.3900
68 94.2300 93.3800
69 94.2200 93.3200
70 94.2400 93.3300
71 94.2600 93.3600
72 94.2500 93.3800
73 94.2000 93.3700
74 94.1900 93.4000
75 94.2100 93.4100
76 94.2200 93.4000
77 94.2000 93.3900
78 94.1800 93.4000
79 94.2100 93.3700
80 94.1900 93.3500
81 94.2200 93.3900
82 94.2200 93.3700
83 94.2000 93.4100
84 94.2200 93.3900
85 94.2300 93.3800
86 94.2300 93.3800
87 94.2600 93.3900
88 94.2600 93.3900
89 94.2500 93.4000
90 94.2500 93.3900
91 94.2500 93.4100
92 94.2600 93.4200
93 94.2600 93.3900
94 94.2500 93.3900
95 94.2600 93.3700
96 94.2500 93.3700
97 94.2800 93.3800
98 94.2800 93.3700
99 94.2500 93.4200
100 94.2500 93.4200
101 94.2500 93.4200
102 94.2700 93.4100
103 94.2900 93.4100
104 94.2800 93.4500
105 94.2900 93.4100
106 94.3000 93.4000
107 94.2800 93.3900
108 94.2700 93.3900
109 94.2900 93.4000
110 94.3000 93.4000
111 94.3000 93.4000
112 94.2800 93.3800
113 94.2600 93.4000
114 94.2700 93.3800
115 94.2800 93.3700
116 94.2600 93.3700
117 94.2800 93.4000
118 94.3100 93.4100
119 94.2900 93.4200
120 94.2600 93.3900
121 94.2900 93.3700
122 94.3000 93.3700
123 94.2800 93.3800
124 94.2800 93.3600
125 94.3000 93.3500
126 94.2900 93.3500
127 94.3000 93.3900
128 94.2800 93.3700
129 94.2500 93.3400
130 94.2700 93.3200
131 94.2800 93.3100
132 94.2700 93.3300
133 94.2600 93.2900
134 94.2800 93.3300
135 94.2900 93.3400
136 94.3000 93.3500
137 94.2900 93.3400
138 94.2600 93.3500
139 94.2700 93.3500
140 94.2700 93.3600
141 94.2700 93.3600
142 94.2700 93.3400
143 94.2400 93.3700
144 94.2600 93.3700
145 94.2300 93.3700
146 94.2500 93.3400
147 94.2500 93.3500
148 94.2800 93.3300
149 94.2900 93.3800
150 94.2800 93.3800
151 94.2400 93.3700
152 94.2900 93.3800
153 94.2700 93.3800
154 94.2500 93.4100
155 94.2700 93.4200
156 94.3000 93.3900
157 94.3000 93.4000
158 94.3000 93.4000
159 94.2800 93.4000
160 94.2900 93.3900
161 94.2800 93.3800
162 94.3100 93.3900
163 94.3000 93.4000
164 94.2800 93.4200
165 94.2700 93.4200
166 94.2700 93.4200
167 94.2700 93.4200
168 94.2500 93.4000
169 94.2500 93.4200
170 94.2900 93.3900
171 94.3000 93.3900
172 94.3000 93.4200
173 94.2900 93.4200
174 94.3100 93.4500
175 94.3000 93.4400
176 94.3000 93.4400
177 94.2900 93.4300
178 94.2800 93.4400
179 94.3000 93.4500
180 94.3000 93.4800
181 94.2600 93.4600
182 94.2900 93.4700
183 94.3100 93.4900
184 94.3000 93.4700
185 94.3300 93.4300
186 94.3200 93.4500
187 94.3000 93.4300
188 94.3000 93.4200
189 94.3100 93.4200
190 94.3700 93.3800
191 94.3600 93.4100
192 94.3500 93.3800
193 94.3300 93.3600
194 94.3300 93.3900
195 94.3100 93.3800
196 94.3500 93.4000
197 94.3700 93.3900
198 94.3600 93.3800
199 94.3600 93.4100
200 94.3600 93.4400
201 94.3500 93.4300
202 94.4000 93.4000
203 94.3700 93.4100
204 94.3900 93.3600
205 94.3800 93.3500
206 94.3900 93.3300
207 94.3900 93.3100
208 94.3800 93.3200
209 94.3700 93.3200
210 94.3800 93.3200
211 94.3800 93.3200
212 94.3700 93.3300
213 94.3400 93.3000
214 94.3700 93.3000
215 94.3700 93.3000
216 94.3700 93.2900
217 94.3500 93.2700
218 94.3400 93.2300
219 94.3700 93.3000
220 94.3800 93.3300
221 94.3800 93.3200
222 94.3300 93.2900
223 94.2900 93.2300
224 94.3300 93.2300
225 94.3500 93.2300
226 94.3600 93.2300
227 94.3400 93.2400
228 94.3000 93.2600
229 94.3100 93.2600
230 94.3200 93.2600
231 94.3200 93.2700
232 94.3600 93.2700
233 94.4100 93.3000
234 94.3400 93.2800
235 94.3500 93.2800
236 94.3500 93.2500
237 94.3700 93.2600
238 94.3500 93.2000
239 94.3300 93.2200
240 94.3000 93.2500
241 94.3300 93.2700
242 94.3200 93.2600
243 94.3100 93.2600
244 94.2900 93.3100
245 94.2700 93.2500
246 94.2600 93.2300
247 94.2500 93.2200
248 94.2600 93.2300
249 94.2300 93.2300
250 94.2300 93.2700
251 94.2100 93.2600
252 94.1800 93.2800
253 94.2100 93.2800
254 94.2000 93.2500
255 94.2100 93.2600
256 94.2500 93.3200
257 94.2600 93.2600
258 94.2600 93.3000
259 94.2500 93.3100
260 94.2300 93.3200
261 94.2400 93.2700
262 94.2800 93.2600
263 94.2900 93.2400
264 94.2500 93.2500
265 94.2900 93.2400
266 94.3000 93.2500
267 94.2900 93.2500
268 94.3100 93.2300
269 94.2900 93.2000
270 94.3000 93.1800
271 94.3000 93.2000
272 94.2900 93.1900
273 94.2800 93.1700
274 94.2900 93.1800
275 94.2700 93.2000
276 94.2600 93.1400
277 94.2500 93.1400
278 94.2400 93.1200
279 94.2700 93.1500
280 94.2500 93.1600
281 94.2400 93.1900
282 94.2600 93.2000
283 94.3000 93.2000
284 94.3100 93.1800
285 94.2700 93.1500
286 94.3000 93.2200
287 94.2900 93.2700
288 94.2900 93.2300
289 94.3000 93.1700
290 94.3200 93.1800
291 94.3200 93.1700
292 94.3300 93.1500
293 94.3300 93.1500
294 94.3400 93.1400
295 94.3300 93.1200
296 94.3000 93.1200
297 94.3400 93.1100
298 94.3400 93.1300
299 94.3600 93.1200
300 94.3400 93.1300
301 94.3800 93.1400
302 94.3900 93.1400
303 94.3600 93.1100
304 94.3500 93.1000
305 94.3400 93.1300
306 94.3100 93.1000
307 94.3500 93.1100
308 94.3500 93.1200
309 94.3400 93.0800
310 94.3400 93.0900
311 94.3500 93.0300
312 94.3300 93.0300
313 94.2800 93.0700
314 94.2600 93.0700
315 94.2600 93.0800
316 94.2600 93.0600
317 94.2500 93.0800
318 94.2700 93.0900
319 94.2300 93.0700
320 94.2100 93.0300
321 94.2000 93.0500
322 94.1900 93.0900
323 94.2100 93.0800
324 94.2400 93.0300
325 94.2800 93.0600
326 94.2500 93.1200
327 94.2300 93.1000
328 94.2600 93.0700
329 94.2700 93.0500
330 94.3000 93.1300
331 94.3300 93.1300
332 94.3100 93.1300
333 94.2300 93.1000
334 94.2400 93.1600
335 94.2700 93.1500
336 94.2900 93.1200
337 94.3200 93.1300
338 94.3100 93.1500
339 94.3000 93.1400
340 94.2800 93.1600
341 94.2500 93.1900
342 94.2500 93.1500
343 94.2800 93.0900
344 94.2300 93.1000
345 94.2100 93.1200
346 94.1600 93.1100
347 94.2100 93.1300
348 94.2400 93.0900
349 94.2800 93.1100
350 94.2500 93.0700
351 94.2100 93.0900
352 94.2500 93.1000
353 94.1900 93.0800
354 94.2300 93.0500
355 94.2500 93.0500
356 94.3000 93.0500
357 94.3200 93.0900
358 94.2600 93.0300
359 94.2500 93.0300
360 94.1800 93.0600
361 94.2100 93.0500
362 94.2400 93.0900
363 94.2400 93.0700
364 94.2500 93.1100
365 94.2400 93.0500
366 94.2300 93.1100
367 94.2300 93.0600
368 94.2400 93.1500
369 94.2100 93.1000
370 94.2500 93.1200
371 94.2000 93.1000
372 94.2200 93.1000
373 94.2600 93.0800
374 94.2300 93.1100
375 94.2300 93.0900
376 94.2600 93.1000
377 94.2600 93.0800
378 94.2200 93.0600
379 94.1700 93.0200
380 94.1800 93.0400
381 94.2500 93.0200
382 94.2600 93.0300
383 94.2500 93.0600
384 94.2200 93.0500
385 94.2500 92.9800
386 94.2500 93.0000
387 94.2200 93.0100
388 94.2200 93.0000
389 94.2600 93.0300
390 94.2700 93.0300
391 94.2800 92.9700
392 94.2800 92.9800
393 94.2800 92.9500
394 94.2300 92.8600
395 94.2100 92.8500
396 94.2300 92.9300
397 94.2400 92.8900
398 94.2700 92.9000
399 94.2500 92.8600
400 94.2500 92.8700
401 94.2100 92.8100
402 94.1600 92.8000
403 94.1600 92.8300
404 94.1900 92.7800
405 94.1700 92.7200
406 94.1800 92.7100
407 94.2000 92.7200
408 94.2200 92.7100
409 94.1800 92.8000
410 94.1800 92.7700
411 94.1200 92.8000
412 94.1500 92.7800
413 94.1300 92.8100
414 94.1500 92.8000
415 94.1000 92.7700
416 94.1100 92.7900
417 94.1300 92.7800
418 94.1700 92.8300
419 94.1600 92.7900
420 94.1100 92.8200
421 94.1400 92.8500
422 94.1400 92.8700
423 94.1300 92.8000
424 94.1500 92.7800
425 94.1600 92.7500
426 94.1400 92.6600
427 94.1600 92.6600
428 94.1800 92.6200
429 94.1400 92.5900
430 94.1900 92.5500
431 94.1000 92.5100
432 94.0900 92.5200
433 94.0700 92.5200
434 94.0800 92.5600
435 94.0500 92.5600
436 94.0200 92.5800
437 94.0300 92.6200
438 94.0700 92.6000
439 94.0800 92.4700
440 94.0100 92.4700
441 93.9700 92.4800
442 93.9800 92.4500
443 93.8700 92.4900
444 93.9100 92.4200
445 93.7600 92.3100
446 93.7700 92.2800
447 93.7500 92.1900
448 93.6900 92.2000
449 93.6500 92.0000
450 93.7000 91.9900
451 93.6500 91.9800
452 93.6700 92.0700
453 93.6200 92.0400
454 93.6000 92.0800
455 93.6600 92.2800
456 93.6500 92.1800
457 93.6500 92.2400
458 93.6800 92.2500
459 93.6100 92.1000
460 93.5700 92.1600
461 93.6100 92.3700
462 93.6400 92.3600
463 93.6100 92.3500
464 93.5500 92.2900
465 93.4500 92.0400
466 93.5100 92.0100
467 93.1600 91.4900
468 93.1700 91.4900
469 93.0500 91.2700
470 93.0300 91.5100
471 92.3600 90.8300
472 92.4100 90.9700
473 92.4400 91.0800
474 92.5300 91.1100
475 92.5200 91.2900
476 92.3400 90.9500
477 92.3400 90.9100
478 92.1700 90.5800
479 92.2200 90.3000
480 92.4200 91.0000
481 92.2000 90.7800
482 92.1200 90.7000
483 91.8900 89.9100
484 91.1900 89.1600
485 91.1000 88.7400
486 91.0000 88.3700
487 90.8400 88.0200
488 90.7700 87.9500
489 90.6000 87.6500
490 90.5200 87.1200
491 90.3600 86.7400
492 89.7600 85.0900
493 89.7800 85.1000
494 88.8300 83.1600
495 89.0200 83.0100
496 89.0000 83.5700
497 87.9700 83.1200
498 87.2100 81.7300
499 85.3600 80.4600
500 81.9700 78.9000
501 81.0000 80.7300
502 81.1200 79.8900
503 71.7700 69.1400
504 68.4800 66.3500
505 69.4600 67.8700
506 65.0000 66.7100
507 47.1700 53.0600
508 51.3400 49.9500
509 34.7700 32.2000
510 27.8700 25.7400
511 19.0900 19.2600
