===== defenses/fine_pruning/results/mnist/all2one/mnist_all2one_results.txt =====
--- head ---
0 99.5000 99.9800
1 99.4800 99.9600
2 99.3700 99.9900
3 99.2800 99.9900
4 99.3300 99.9800
--- tail ---
59 23.6500 99.9200
60 35.4200 92.0600
61 33.6900 79.8400
62 19.7100 91.4900
63 14.3800 90.3500

===== defenses/fine_pruning/results/mnist/all2all/mnist_all2all_results.txt =====
--- head ---
0 99.4500 99.1600
1 99.3700 99.1400
2 99.4600 99.0500
3 99.4200 98.8700
4 99.3500 98.8600
--- tail ---
59 52.1800 61.5400
60 54.7200 51.9400
61 43.8600 41.9400
62 32.9200 22.4900
63 23.5000 16.1700

===== defenses/fine_pruning/results/cifar10/all2one/cifar10_all2one_results.txt =====
--- head ---
0 94.5200 99.3700
1 94.5300 99.3200
2 94.5100 99.2900
3 94.4600 99.2700
4 94.4600 99.2700
--- tail ---
507 42.0500 99.9000
508 30.6700 99.9000
509 29.8200 99.8400
510 21.2100 99.6900
511 16.6100 89.7000

===== defenses/fine_pruning/results/cifar10/all2all/cifar10_all2all_results.txt =====
--- head ---
0 94.3600 93.5200
1 94.3900 93.5200
2 94.3600 93.5200
3 94.3600 93.5300
4 94.3500 93.5400
--- tail ---
507 47.1700 53.0600
508 51.3400 49.9500
509 34.7700 32.2000
510 27.8700 25.7400
511 19.0900 19.2600

===== defenses/fine_pruning/results/gtsrb/all2one/gtsrb_all2one_results.txt =====
--- head ---
0 99.3428 99.7466
1 99.3508 99.7466
2 99.3508 99.7387
3 99.3508 99.7387
4 99.3349 99.7387
--- tail ---
507 34.0301 99.4933
508 27.1338 99.6279
509 16.5321 99.7150
510 7.7831 99.6991
511 7.2605 99.9842

===== defenses/fine_pruning/results/gtsrb/all2all/gtsrb_all2all_results.txt =====
--- head ---
0 99.5883 99.2241
1 99.5883 99.2082
2 99.5883 99.2082
3 99.5883 99.2161
4 99.5883 99.2003
--- tail ---
507 43.7055 34.8456
508 28.5273 22.0190
509 26.9596 21.5835
510 22.5178 11.1481
511 8.8044 6.6033

