===== defenses/neural_cleanse/results/mnist/all2one/all2one_mnist_output.txt =====
34.333412, 3.1642964, 3.2304192
39.46388, 68.30318, 24.111408, 30.75564, 35.440678, 33.991707, 35.16794, 40.258858, 34.333412, 32.199123
33.992214, 3.4686394, 2.9542453
36.872173, 72.76343, 23.745003, 30.558146, 36.10801, 32.83867, 33.992214, 40.778675, 35.211708, 31.652649
34.30166, 4.8116884, 2.115634
38.556946, 65.896614, 24.121887, 30.580877, 35.80166, 31.05622, 34.30166, 41.641495, 34.600018, 32.28357
32.88228, 3.6548438, 2.3733764
38.16626, 66.46265, 24.207958, 30.41712, 35.452393, 31.521759, 34.388206, 40.76574, 32.88228, 31.962334

===== defenses/neural_cleanse/results/cifar10/all2one/all2one_cifar10_output.txt =====
38.6582, 7.238155, 1.1904981
30.04119, 32.821228, 54.798416, 40.671875, 38.12772, 33.77613, 38.6582, 50.93956, 45.842484, 39.20143
37.27381, 4.4332194, 1.6667982
29.88453, 34.469894, 57.732647, 36.497322, 37.27381, 40.263977, 34.112007, 51.99245, 46.48501, 39.0316
39.736347, 3.4524302, 2.6571789
30.562622, 34.055603, 58.99507, 40.93976, 37.407715, 41.74185, 39.736347, 52.303123, 44.989426, 37.566925
39.131172, 4.8716526, 1.0729609
42.399853, 34.973152, 58.93653, 39.13636, 37.68061, 35.845287, 33.90408, 49.675232, 45.819866, 39.131172

