0 99.4500 99.1600
1 99.3700 99.1400
2 99.4600 99.0500
3 99.4200 98.8700
4 99.3500 98.8600
5 99.4200 98.8900
6 99.3700 98.7200
7 99.3700 98.7400
8 99.3100 98.7300
9 99.3200 98.7200
10 99.2600 98.5600
11 99.1900 98.6400
12 99.2400 98.5800
13 99.2200 98.6100
14 99.2000 98.5900
15 99.1200 98.5700
16 98.9800 98.5800
17 98.6300 98.4100
18 98.4100 98.4700
19 98.8900 98.3700
20 98.7200 98.4300
21 98.4800 98.3100
22 97.8100 98.3100
23 96.9600 98.4300
24 96.3600 98.2600
25 97.1200 98.1800
26 97.5100 98.1100
27 97.2600 98.0500
28 97.2200 98.1400
29 97.0400 98.1400
30 96.3000 98.1300
31 95.8500 98.0800
32 95.1200 97.9800
33 94.3500 97.6900
34 94.6900 97.8700
35 94.4700 97.7700
36 93.9100 97.5600
37 92.5400 97.1500
38 93.0400 97.3100
39 89.7300 96.6700
40 91.2300 96.7900
41 90.5900 96.5700
42 90.2200 95.9700
43 89.2400 95.1300
44 87.4100 93.5200
45 87.1800 93.5800
46 85.4900 93.3700
47 85.0600 93.8800
48 84.3400 93.0300
49 83.1700 90.9800
50 78.1800 88.3300
51 75.1800 89.5300
52 76.5500 89.3300
53 75.9700 85.2900
54 75.8800 84.8300
55 73.8000 82.5600
56 66.4300 77.0800
57 61.6800 68.1600
58 60.3600 59.9300
59 52.1800 61.5400
60 54.7200 51.9400
61 43.8600 41.9400
62 32.9200 22.4900
63 23.5000 16.1700
