0 94.5200 99.3700
1 94.5300 99.3200
2 94.5100 99.2900
3 94.4600 99.2700
4 94.4600 99.2700
5 94.4900 99.2600
6 94.5000 99.2700
7 94.4900 99.2500
8 94.5000 99.2400
9 94.4800 99.2100
10 94.5000 99.1700
11 94.4600 99.1800
12 94.4600 99.1800
13 94.4600 99.1900
14 94.4500 99.1700
15 94.4500 99.1500
16 94.4700 99.1400
17 94.4700 99.1500
18 94.4600 99.1400
19 94.4500 99.1300
20 94.4500 99.1200
21 94.4300 99.1100
22 94.4600 99.0900
23 94.4500 99.0800
24 94.4600 99.0700
25 94.4800 99.0600
26 94.4600 99.0600
27 94.4500 99.0500
28 94.4600 99.0300
29 94.4600 99.0200
30 94.4500 99.0200
31 94.4700 99.0200
32 94.4700 99.0200
33 94.4800 99.0200
34 94.4700 99.0100
35 94.4700 99.0100
36 94.4600 98.9900
37 94.4600 98.9900
38 94.4600 98.9700
39 94.4700 98.9700
40 94.4600 98.9400
41 94.4600 98.9300
42 94.4500 98.9200
43 94.4400 98.9200
44 94.4500 98.9200
45 94.4500 98.9100
46 94.4500 98.9100
47 94.4500 98.9100
48 94.4300 98.8900
49 94.4500 98.8800
50 94.4600 98.8800
51 94.4500 98.8800
52 94.4500 98.8800
53 94.4600 98.8800
54 94.4800 98.8800
55 94.4300 98.8500
56 94.4300 98.8200
57 94.4300 98.8200
58 94.4400 98.8100
59 94.4400 98.7900
60 94.4400 98.8000
61 94.4500 98.7700
62 94.4500 98.7500
63 94.4400 98.7400
64 94.4300 98.7400
65 94.3900 98.7000
66 94.4100 98.7100
67 94.4100 98.7100
68 94.4000 98.7000
69 94.3900 98.7100
70 94.3900 98.7000
71 94.3900 98.7000
72 94.4000 98.7000
73 94.4100 98.7000
74 94.3700 98.7000
75 94.3700 98.6900
76 94.3800 98.6900
77 94.3900 98.7000
78 94.3900 98.6700
79 94.3600 98.6800
80 94.3900 98.7000
81 94.3700 98.6900
82 94.3700 98.6800
83 94.3500 98.6800
84 94.3400 98.6600
85 94.3600 98.6800
86 94.3500 98.6700
87 94.3600 98.6700
88 94.3700 98.6700
89 94.3600 98.6600
90 94.3800 98.6500
91 94.3700 98.6700
92 94.3600 98.6700
93 94.3700 98.6700
94 94.3900 98.6600
95 94.3800 98.6700
96 94.3800 98.6700
97 94.3600 98.6500
98 94.3700 98.6400
99 94.3800 98.6500
100 94.3900 98.6500
101 94.3800 98.6400
102 94.3900 98.6300
103 94.3900 98.6300
104 94.3800 98.6400
105 94.3600 98.6300
106 94.3700 98.6300
107 94.3700 98.6400
108 94.3700 98.6500
109 94.3700 98.6600
110 94.3800 98.6800
111 94.3700 98.6900
112 94.3900 98.7000
113 94.3900 98.6800
114 94.3900 98.6900
115 94.4000 98.7100
116 94.4000 98.6800
117 94.4100 98.6600
118 94.3900 98.6800
119 94.4100 98.6700
120 94.4100 98.6900
121 94.4100 98.6900
122 94.4200 98.6600
123 94.4100 98.6700
124 94.4100 98.6700
125 94.4100 98.7000
126 94.4100 98.7100
127 94.4100 98.6900
128 94.4200 98.6900
129 94.4000 98.7000
130 94.4100 98.7000
131 94.3900 98.7000
132 94.3900 98.7000
133 94.4200 98.7200
134 94.4100 98.7200
135 94.4100 98.7200
136 94.4200 98.7200
137 94.4900 98.7300
138 94.4700 98.7300
139 94.4500 98.7200
140 94.4500 98.7400
141 94.4600 98.7400
142 94.4500 98.7200
143 94.4300 98.6900
144 94.4300 98.6800
145 94.4200 98.6800
146 94.4400 98.6800
147 94.4200 98.6900
148 94.4400 98.6800
149 94.4400 98.6900
150 94.4700 98.6800
151 94.4600 98.7000
152 94.4200 98.6900
153 94.4100 98.7100
154 94.4500 98.7300
155 94.4400 98.7300
156 94.4600 98.7200
157 94.4900 98.7400
158 94.4700 98.7400
159 94.4800 98.7400
160 94.4900 98.7500
161 94.4700 98.7700
162 94.4800 98.7800
163 94.4600 98.7500
164 94.4600 98.7700
165 94.4500 98.7700
166 94.4400 98.7700
167 94.4400 98.7600
168 94.4400 98.7600
169 94.4500 98.7600
170 94.4600 98.7700
171 94.4500 98.7600
172 94.4600 98.7600
173 94.4700 98.7600
174 94.4400 98.7600
175 94.4500 98.7600
176 94.4100 98.7600
177 94.4200 98.7500
178 94.4500 98.7500
179 94.4600 98.7600
180 94.4700 98.7600
181 94.4500 98.7700
182 94.4400 98.7900
183 94.4900 98.8000
184 94.4700 98.8000
185 94.4800 98.8100
186 94.5000 98.8200
187 94.5200 98.8200
188 94.4800 98.8100
189 94.4800 98.8200
190 94.5000 98.8200
191 94.5100 98.8500
192 94.4900 98.8200
193 94.4800 98.8300
194 94.4800 98.8300
195 94.4900 98.8400
196 94.5100 98.8500
197 94.5100 98.8700
198 94.5200 98.9100
199 94.5300 98.9000
200 94.5100 98.9300
201 94.5100 98.9400
202 94.4900 98.9200
203 94.5100 98.9200
204 94.5400 98.9300
205 94.5100 98.9500
206 94.5100 98.9600
207 94.5100 98.9700
208 94.5100 98.9900
209 94.5000 98.9900
210 94.5300 99.0000
211 94.5500 99.0000
212 94.5400 99.0100
213 94.5400 99.0100
214 94.5200 99.0200
215 94.5300 99.0300
216 94.5000 99.0500
217 94.5000 99.0600
218 94.5500 99.0700
219 94.5400 99.0800
220 94.5200 99.0800
221 94.5200 99.1100
222 94.5500 99.0700
223 94.5700 99.1000
224 94.5500 99.1300
225 94.5600 99.1300
226 94.5600 99.1300
227 94.5700 99.1300
228 94.5700 99.1300
229 94.5600 99.1300
230 94.5300 99.1400
231 94.5600 99.1500
232 94.5600 99.1700
233 94.5100 99.1700
234 94.5200 99.1800
235 94.5300 99.1800
236 94.5200 99.1900
237 94.5100 99.2100
238 94.4900 99.2200
239 94.4900 99.2300
240 94.4600 99.2400
241 94.5000 99.2600
242 94.5000 99.2700
243 94.4900 99.2700
244 94.5200 99.2900
245 94.5100 99.2900
246 94.5000 99.3000
247 94.4600 99.3000
248 94.4500 99.3000
249 94.3600 99.3400
250 94.3700 99.3500
251 94.3600 99.3600
252 94.3700 99.3700
253 94.4000 99.3800
254 94.3800 99.3700
255 94.3800 99.3800
256 94.3700 99.3900
257 94.3700 99.4000
258 94.3700 99.4100
259 94.3700 99.4200
260 94.3600 99.4200
261 94.3500 99.4300
262 94.3700 99.4400
263 94.3600 99.4600
264 94.3600 99.4700
265 94.3600 99.4700
266 94.3600 99.4800
267 94.3900 99.4800
268 94.3900 99.4800
269 94.3800 99.4800
270 94.3600 99.4800
271 94.3600 99.4800
272 94.3600 99.4900
273 94.3700 99.5200
274 94.3700 99.5200
275 94.3600 99.5300
276 94.3500 99.5400
277 94.3400 99.5300
278 94.3400 99.5300
279 94.3400 99.5500
280 94.3500 99.5500
281 94.3400 99.5500
282 94.3500 99.5500
283 94.3500 99.5600
284 94.3500 99.5600
285 94.3400 99.5600
286 94.3000 99.5600
287 94.3100 99.5600
288 94.3400 99.5800
289 94.3300 99.5800
290 94.3400 99.5800
291 94.3200 99.5800
292 94.3200 99.5800
293 94.3000 99.5900
294 94.3400 99.5900
295 94.3200 99.5800
296 94.3200 99.5800
297 94.3300 99.5900
298 94.3400 99.5900
299 94.3100 99.5900
300 94.3400 99.5900
301 94.3300 99.5900
302 94.3300 99.6000
303 94.3200 99.6000
304 94.3200 99.6000
305 94.3200 99.6000
306 94.3400 99.6300
307 94.3700 99.6300
308 94.3600 99.6400
309 94.3200 99.6400
310 94.3200 99.6400
311 94.3300 99.6400
312 94.2900 99.6400
313 94.2700 99.6400
314 94.2700 99.6400
315 94.2900 99.6400
316 94.2800 99.6400
317 94.2600 99.6600
318 94.2800 99.6700
319 94.2500 99.6700
320 94.2500 99.6700
321 94.2300 99.6700
322 94.2100 99.6700
323 94.2300 99.6700
324 94.2300 99.6700
325 94.2100 99.6700
326 94.2200 99.6700
327 94.2200 99.6700
328 94.2300 99.6700
329 94.2400 99.6700
330 94.2600 99.6700
331 94.2400 99.6800
332 94.1700 99.6900
333 94.1800 99.6900
334 94.1400 99.6900
335 94.1700 99.7000
336 94.1600 99.7000
337 94.1600 99.7000
338 94.1500 99.7000
339 94.2100 99.7000
340 94.1900 99.7000
341 94.1600 99.7000
342 94.1200 99.7000
343 94.1300 99.7000
344 94.1400 99.7000
345 94.1400 99.7000
346 94.1300 99.7000
347 94.1200 99.7000
348 94.1200 99.7100
349 94.0200 99.7100
350 94.0300 99.7100
351 94.0800 99.7100
352 94.0400 99.7300
353 94.0300 99.7300
354 94.0100 99.7300
355 93.9500 99.7300
356 93.9300 99.7400
357 93.9100 99.7400
358 93.9200 99.7400
359 93.8700 99.7400
360 93.8500 99.7400
361 93.8200 99.7500
362 93.8300 99.7500
363 93.8100 99.7500
364 93.8500 99.7600
365 93.8000 99.7800
366 93.8100 99.7800
367 93.8100 99.8000
368 93.7500 99.8000
369 93.7800 99.8000
370 93.7100 99.8200
371 93.6900 99.8100
372 93.6600 99.8200
373 93.6800 99.8200
374 93.6500 99.8300
375 93.7000 99.8300
376 93.6100 99.8300
377 93.5900 99.8300
378 93.6200 99.8300
379 93.5800 99.8300
380 93.6100 99.8300
381 93.5700 99.8400
382 93.5700 99.8400
383 93.5800 99.8500
384 93.5700 99.8500
385 93.5600 99.8600
386 93.4600 99.8600
387 93.3800 99.8600
388 93.3400 99.8600
389 93.3500 99.8800
390 93.2600 99.8800
391 93.2400 99.8800
392 93.2300 99.8800
393 93.2800 99.8700
394 93.2900 99.8700
395 93.3100 99.8700
396 93.2900 99.8700
397 93.2700 99.8700
398 93.2200 99.8700
399 93.2100 99.8700
400 93.1300 99.8900
401 93.1100 99.8900
402 93.0700 99.8900
403 93.0200 99.9000
404 93.0200 99.8900
405 93.0600 99.8900
406 93.0300 99.8900
407 92.9700 99.8900
408 92.9800 99.8900
409 92.9800 99.8900
410 92.9500 99.8900
411 92.8500 99.9000
412 92.8500 99.8900
413 92.7000 99.9000
414 92.7100 99.8900
415 92.6700 99.9000
416 92.6400 99.9000
417 92.6700 99.9000
418 92.6000 99.9000
419 92.5300 99.9000
420 92.4800 99.9000
421 92.4100 99.9000
422 92.4000 99.9000
423 92.4100 99.9000
424 92.3200 99.9000
425 92.2300 99.9000
426 92.1100 99.9000
427 92.1100 99.9000
428 92.0100 99.9000
429 91.9200 99.9100
430 91.8200 99.9100
431 91.8200 99.9100
432 91.6700 99.9100
433 91.6600 99.9100
434 91.3800 99.9100
435 91.4000 99.9100
436 91.1400 99.9100
437 91.1500 99.9100
438 91.1300 99.9100
439 91.1300 99.9100
440 90.8100 99.9100
441 90.8000 99.9100
442 90.7000 99.9200
443 90.4800 99.9200
444 90.3500 99.9100
445 90.1500 99.9200
446 90.1300 99.9200
447 90.0600 99.9100
448 90.0100 99.9200
449 90.0200 99.9100
450 89.6100 99.9100
451 89.4700 99.9100
452 89.4300 99.9100
453 89.1700 99.9200
454 89.3000 99.9200
455 89.1200 99.9200
456 89.2200 99.9200
457 89.1600 99.9200
458 88.8200 99.9200
459 88.9600 99.9200
460 88.8800 99.9200
461 88.7700 99.9200
462 88.8500 99.9200
463 88.6600 99.9300
464 88.0900 99.9200
465 88.0700 99.9200
466 87.9700 99.9300
467 88.1300 99.9300
468 87.5600 99.9500
469 87.6800 99.9500
470 87.6000 99.9500
471 87.0600 99.9600
472 87.1000 99.9600
473 86.9600 99.9600
474 86.8200 99.9600
475 86.1100 99.9600
476 86.1700 99.9600
477 86.0800 99.9600
478 86.1200 99.9500
479 85.2400 99.9500
480 84.6800 99.9500
481 84.5300 99.9600
482 84.9100 99.9600
483 84.9000 99.9500
484 80.6700 99.9400
485 79.4000 99.9500
486 78.6100 99.9400
487 78.2700 99.9500
488 77.0200 99.9600
489 77.2000 99.9600
490 76.8300 99.9600
491 75.4500 99.9500
492 74.5000 99.9500
493 74.7000 99.9500
494 75.7100 99.9500
495 75.9000 99.9500
496 70.7800 99.9400
497 70.6100 99.9400
498 70.2600 99.9400
499 68.5000 99.9300
500 67.2000 99.9400
501 67.1000 99.9200
502 65.9200 99.9200
503 61.2300 99.9100
504 61.9700 99.9200
505 49.9800 99.9100
506 48.4000 99.8800
507 42.0500 99.9000
508 30.6700 99.9000
509 29.8200 99.8400
510 21.2100 99.6900
511 16.6100 89.7000
