0 99.5883 99.2241
1 99.5883 99.2082
2 99.5883 99.2082
3 99.5883 99.2161
4 99.5883 99.2003
5 99.5804 99.2003
6 99.5883 99.2161
7 99.5883 99.2082
8 99.5883 99.1924
9 99.6041 99.2003
10 99.5962 99.2003
11 99.5962 99.2003
12 99.5962 99.2003
13 99.6041 99.2003
14 99.6041 99.2003
15 99.6041 99.2003
16 99.6041 99.2003
17 99.6041 99.2003
18 99.6041 99.2003
19 99.6041 99.2003
20 99.5962 99.2003
21 99.5962 99.1924
22 99.5962 99.1924
23 99.5962 99.1924
24 99.5962 99.1924
25 99.5962 99.1924
26 99.5962 99.1845
27 99.5962 99.1845
28 99.5962 99.1924
29 99.5962 99.1924
30 99.5962 99.1924
31 99.5962 99.1924
32 99.5962 99.1924
33 99.5962 99.2003
34 99.5962 99.2003
35 99.5962 99.1924
36 99.5962 99.1924
37 99.5883 99.1924
38 99.5962 99.1845
39 99.6041 99.1845
40 99.5883 99.1766
41 99.5883 99.1766
42 99.5962 99.1845
43 99.5883 99.1845
44 99.5804 99.1845
45 99.5804 99.1845
46 99.5804 99.1766
47 99.5804 99.1845
48 99.5804 99.1845
49 99.5804 99.1686
50 99.5804 99.1686
51 99.5724 99.1766
52 99.5883 99.1766
53 99.5804 99.1766
54 99.5804 99.1766
55 99.5962 99.1766
56 99.5962 99.1686
57 99.6041 99.1924
58 99.6041 99.1845
59 99.5962 99.1924
60 99.5962 99.1845
61 99.5962 99.1924
62 99.6041 99.1845
63 99.6041 99.1845
64 99.6041 99.1845
65 99.5883 99.1924
66 99.5804 99.1924
67 99.5724 99.2003
68 99.5724 99.2003
69 99.5724 99.1924
70 99.5724 99.1924
71 99.5804 99.1924
72 99.5804 99.1924
73 99.5645 99.1845
74 99.5645 99.1845
75 99.5645 99.1686
76 99.5645 99.1766
77 99.5724 99.1686
78 99.5724 99.1845
79 99.5724 99.1686
80 99.5724 99.1766
81 99.5724 99.1845
82 99.5724 99.1686
83 99.5724 99.1766
84 99.5724 99.1686
85 99.5724 99.1845
86 99.5724 99.1845
87 99.5724 99.1686
88 99.5645 99.1686
89 99.5645 99.1766
90 99.5645 99.1607
91 99.5645 99.1607
92 99.5645 99.1528
93 99.5724 99.1607
94 99.5724 99.1607
95 99.5724 99.1607
96 99.5724 99.1686
97 99.5645 99.1607
98 99.5724 99.1607
99 99.5724 99.1607
100 99.5724 99.1607
101 99.5724 99.1607
102 99.5724 99.1607
103 99.5645 99.1528
104 99.5645 99.1607
105 99.5645 99.1607
106 99.5645 99.1449
107 99.5566 99.1528
108 99.5487 99.1449
109 99.5487 99.1449
110 99.5487 99.1449
111 99.5408 99.1528
112 99.5329 99.1528
113 99.5487 99.1449
114 99.5487 99.1370
115 99.5487 99.1449
116 99.5408 99.1449
117 99.5487 99.1449
118 99.5487 99.1449
119 99.5566 99.1449
120 99.5487 99.1449
121 99.5566 99.1449
122 99.5566 99.1449
123 99.5487 99.1449
124 99.5487 99.1528
125 99.5487 99.1528
126 99.5645 99.1449
127 99.5487 99.1291
128 99.5566 99.1291
129 99.5566 99.1370
130 99.5566 99.1291
131 99.5645 99.1370
132 99.5566 99.1291
133 99.5566 99.1211
134 99.5566 99.1370
135 99.5645 99.1211
136 99.5566 99.1291
137 99.5566 99.1132
138 99.5566 99.1053
139 99.5566 99.1211
140 99.5566 99.1132
141 99.5487 99.1132
142 99.5487 99.1132
143 99.5487 99.1132
144 99.5487 99.1211
145 99.5408 99.1211
146 99.5487 99.1132
147 99.5408 99.1132
148 99.5408 99.1132
149 99.5487 99.1211
150 99.5487 99.1132
151 99.5487 99.1132
152 99.5487 99.1132
153 99.5408 99.1053
154 99.5408 99.1053
155 99.5329 99.1211
156 99.5408 99.1291
157 99.5408 99.1211
158 99.5408 99.1211
159 99.5487 99.1211
160 99.5408 99.1211
161 99.5408 99.1291
162 99.5329 99.1370
163 99.5329 99.1291
164 99.5249 99.1291
165 99.5408 99.1291
166 99.5329 99.1291
167 99.5329 99.1291
168 99.5329 99.1291
169 99.5487 99.1291
170 99.5329 99.1291
171 99.5170 99.1211
172 99.5329 99.1291
173 99.5329 99.1291
174 99.5329 99.1291
175 99.5487 99.1370
176 99.5645 99.1449
177 99.5645 99.1291
178 99.5408 99.1291
179 99.5408 99.1291
180 99.5329 99.1291
181 99.5487 99.1211
182 99.5487 99.1211
183 99.5487 99.1132
184 99.5329 99.1132
185 99.5329 99.1132
186 99.5329 99.1132
187 99.5329 99.1291
188 99.5329 99.1211
189 99.5249 99.1211
190 99.5249 99.1291
191 99.5249 99.1291
192 99.5249 99.1370
193 99.5249 99.1370
194 99.5249 99.1291
195 99.5329 99.1370
196 99.5170 99.1211
197 99.5249 99.1132
198 99.5091 99.1132
199 99.5012 99.1132
200 99.4933 99.1132
201 99.4933 99.1132
202 99.5170 99.1211
203 99.5170 99.1291
204 99.5091 99.1370
205 99.4854 99.1370
206 99.4933 99.1449
207 99.4933 99.1528
208 99.4933 99.1370
209 99.4933 99.1291
210 99.4933 99.1449
211 99.4774 99.1370
212 99.4695 99.1528
213 99.4695 99.1528
214 99.4774 99.1686
215 99.4774 99.1607
216 99.4695 99.1449
217 99.4774 99.1370
218 99.4774 99.1370
219 99.4695 99.1370
220 99.4695 99.1449
221 99.4695 99.1449
222 99.4695 99.1528
223 99.4616 99.1528
224 99.4616 99.1449
225 99.4616 99.1449
226 99.4537 99.1607
227 99.4537 99.1528
228 99.4458 99.1449
229 99.4458 99.1291
230 99.4537 99.1291
231 99.4616 99.1291
232 99.4537 99.1370
233 99.4616 99.1449
234 99.4695 99.1449
235 99.4616 99.1449
236 99.4774 99.1370
237 99.4774 99.1370
238 99.4695 99.1449
239 99.4695 99.1528
240 99.4695 99.1449
241 99.4695 99.1449
242 99.4616 99.1607
243 99.4616 99.1686
244 99.4378 99.1686
245 99.4616 99.1686
246 99.4299 99.1686
247 99.4141 99.1686
248 99.4299 99.1528
249 99.4141 99.1528
250 99.4220 99.1449
251 99.4220 99.1449
252 99.4220 99.1449
253 99.4220 99.1370
254 99.4378 99.1528
255 99.4220 99.1528
256 99.4378 99.1607
257 99.4299 99.1607
258 99.4220 99.1686
259 99.4141 99.1686
260 99.4141 99.1528
261 99.4062 99.1528
262 99.4062 99.1528
263 99.4062 99.1528
264 99.4062 99.1607
265 99.4062 99.1607
266 99.4141 99.1607
267 99.4062 99.1607
268 99.3745 99.1291
269 99.3903 99.1291
270 99.3824 99.1370
271 99.3666 99.1291
272 99.3824 99.1211
273 99.3587 99.1291
274 99.3824 99.1291
275 99.3824 99.1370
276 99.4062 99.1370
277 99.4062 99.1370
278 99.3903 99.1370
279 99.3983 99.1291
280 99.3903 99.1370
281 99.3903 99.1211
282 99.3745 99.1211
283 99.3666 99.1211
284 99.3666 99.1211
285 99.3824 99.1053
286 99.3666 99.1211
287 99.3745 99.1211
288 99.3745 99.1211
289 99.3587 99.1211
290 99.3587 99.1132
291 99.3587 99.1132
292 99.3587 99.1211
293 99.3587 99.1211
294 99.3508 99.1211
295 99.3508 99.1211
296 99.3587 99.1291
297 99.3587 99.1449
298 99.3508 99.1370
299 99.3508 99.1449
300 99.3508 99.1370
301 99.3508 99.1370
302 99.3587 99.1291
303 99.3666 99.1449
304 99.3587 99.1370
305 99.3587 99.1291
306 99.3587 99.1291
307 99.3587 99.1370
308 99.3666 99.1449
309 99.3666 99.1528
310 99.3824 99.1528
311 99.3824 99.1528
312 99.3745 99.1449
313 99.3745 99.1607
314 99.3903 99.1528
315 99.3903 99.1528
316 99.3824 99.1607
317 99.3824 99.1528
318 99.3745 99.1528
319 99.3745 99.1370
320 99.3745 99.1449
321 99.3824 99.1528
322 99.3824 99.1291
323 99.3824 99.1291
324 99.3824 99.1370
325 99.3824 99.1370
326 99.3824 99.1370
327 99.3824 99.1211
328 99.3666 99.1291
329 99.3508 99.1291
330 99.3428 99.1528
331 99.3745 99.1528
332 99.3666 99.1528
333 99.3745 99.1528
334 99.3745 99.1686
335 99.3587 99.1686
336 99.3745 99.1686
337 99.3824 99.1845
338 99.3983 99.2003
339 99.3903 99.1924
340 99.3983 99.1845
341 99.3745 99.1845
342 99.3824 99.1845
343 99.3666 99.1924
344 99.3587 99.1766
345 99.3587 99.1845
346 99.3666 99.1845
347 99.3666 99.1845
348 99.3666 99.1766
349 99.3508 99.1607
350 99.3745 99.1686
351 99.3587 99.1686
352 99.3587 99.1766
353 99.3428 99.1845
354 99.3508 99.1845
355 99.3428 99.1845
356 99.3428 99.1924
357 99.3428 99.1686
358 99.3349 99.1686
359 99.3349 99.1845
360 99.3349 99.1766
361 99.3270 99.1686
362 99.3349 99.1686
363 99.3428 99.1528
364 99.3349 99.1528
365 99.3428 99.1291
366 99.3428 99.1211
367 99.3428 99.1211
368 99.3428 99.1211
369 99.3508 99.1053
370 99.3666 99.0974
371 99.3587 99.0974
372 99.3666 99.0895
373 99.3666 99.0816
374 99.3666 99.0816
375 99.3508 99.1132
376 99.3428 99.1053
377 99.3112 99.0974
378 99.3270 99.1132
379 99.3270 99.1053
380 99.3349 99.1132
381 99.3428 99.1211
382 99.3349 99.0895
383 99.3191 99.0895
384 99.3032 99.0736
385 99.2874 99.0657
386 99.2795 99.0103
387 99.2874 98.9786
388 99.2795 98.9865
389 99.2716 98.9707
390 99.2953 98.9865
391 99.2557 98.9786
392 99.2637 98.9232
393 99.2716 98.9232
394 99.2716 98.9786
395 99.2716 98.9470
396 99.2637 98.9470
397 99.2795 98.9232
398 99.2716 98.9074
399 99.2637 98.8757
400 99.2716 98.8757
401 99.2795 98.8836
402 99.2716 98.8915
403 99.2716 98.8836
404 99.2557 98.7886
405 99.2557 98.7965
406 99.3508 98.8519
407 99.3508 98.8678
408 99.3428 98.8678
409 99.3032 98.8757
410 99.2953 98.8757
411 99.3112 98.8757
412 99.2795 98.8440
413 99.2795 98.8678
414 99.3032 98.8678
415 99.2953 98.8678
416 99.3191 98.8678
417 99.3112 98.8361
418 99.3666 98.8282
419 99.3824 98.8203
420 99.3428 98.7886
421 99.3508 98.7965
422 99.3508 98.8123
423 99.3270 98.7094
424 99.3270 98.6382
425 99.3666 98.8044
426 99.3349 98.8044
427 99.3824 98.8123
428 99.3428 98.7411
429 99.3903 98.7728
430 99.3903 98.7886
431 99.4062 98.8044
432 99.4062 98.7569
433 99.4062 98.7411
434 99.3903 98.7569
435 99.3745 98.6857
436 99.3428 98.7015
437 99.3270 98.6461
438 99.2874 98.6065
439 99.2478 98.5194
440 99.2557 98.5273
441 99.1766 98.4798
442 99.1607 98.4323
443 99.1449 98.3373
444 99.1370 98.3056
445 99.1291 98.2977
446 99.1291 98.3215
447 99.1053 98.3056
448 99.1211 98.3056
449 99.1370 98.3452
450 99.0974 98.2898
451 99.1053 98.3056
452 99.1291 98.3135
453 99.0816 98.3610
454 99.0657 98.3373
455 99.0657 98.2581
456 99.0657 98.2898
457 99.0499 98.2977
458 99.0816 98.3056
459 99.1211 98.2502
460 99.0499 98.1631
461 98.9865 98.1314
462 98.9865 98.0206
463 98.9707 97.7751
464 98.9865 98.0127
465 98.9865 98.0760
466 99.0340 98.1552
467 98.9945 98.1156
468 98.9470 94.9960
469 98.9707 95.8749
470 98.9470 95.5661
471 98.9390 94.5131
472 98.9628 94.8535
473 98.9311 94.3230
474 99.0182 95.1148
475 99.0103 95.1069
476 98.8915 94.2755
477 98.8994 95.6215
478 98.8282 95.8828
479 98.8203 95.3207
480 98.8678 95.7720
481 98.8757 93.2621
482 98.8678 93.7213
483 98.9074 93.6738
484 98.8915 92.5099
485 98.6857 91.6152
486 98.6857 91.1481
487 98.5986 90.5384
488 98.5827 89.7704
489 98.5827 89.6041
490 98.5036 88.1789
491 98.5986 87.5614
492 98.5669 88.5590
493 97.5059 87.5455
494 98.0760 86.5400
495 97.9493 86.6587
496 97.5218 84.2835
497 94.3547 84.0538
498 96.4133 78.4323
499 92.3753 74.9565
500 90.3484 70.3801
501 88.6223 64.6397
502 88.4561 67.9572
503 76.6587 60.0158
504 75.9857 60.6255
505 68.1077 39.4062
506 52.4307 39.3112
507 43.7055 34.8456
508 28.5273 22.0190
509 26.9596 21.5835
510 22.5178 11.1481
511 8.8044 6.6033
